Total calibration result: 264184041398847

Valid equations:
644197722674: 5 9 46 99 1 5 9 2 22 6 74
3424919: 67 51 7 561 358
7160145: 9 9 7 4 8 3 91 2 3 3 5 731
198444: 9 77 90 347 308 46 3
10677865: 864 7 4 1 9 4 7 7 1 5 367
1134: 54 7 3
28760910: 1 6 627 9 752 831
6740: 82 236 356 10
983873830: 977 6 267 606 830
101904: 5 71 29 2 264
9221: 219 23 270 18 5
216699547: 2 24 46 9 1 55 6 61 9 88
19040: 434 4 5 2 41 713 28 54
113740483608: 52 951 38 417 23 17
1837300: 627 46 5 1 91 6 6 4
21564: 6 143 330 9 5 9
100992468: 4 4 2 9 7 69 3 24 92 8 6 8
72660535: 181 857 70 5 2 4 1 11
15486: 5 771 6 1 2 2 8 8 8 8 2 4
10625355: 6 16 906 3 533
714034: 2 3 60 7 7 90 325 9
147283595568: 3 311 33 3 57 822 8 93
2316922: 8 26 41 831 2 94
17143497694679: 73 169 33 1 4 71 6 79
758512003463: 3 2 790 700 4 2 2 34 63
4146569285: 280 8 9 5 6 7 68 4 9 1 2 5
2140548: 7 6 1 4 3 4 8 929 1 3 8 12
12113461: 291 3 50 772 17 5 2 2
1539915: 88 340 19 5 689
198635345304: 19 711 980 6 44 341
43172: 426 8 4 318 1 1 439 3 5
53202: 5 3 7 1 4 79 62 6 6
107010: 2 1 29 410 3
1207: 8 600 5 9 567 17 1
3661: 87 42 4 3
55680: 8 7 2 58 8 4
1443280: 1 33 16 68 39 592
3630590257: 5 787 5 98 113 94 57
10281688290: 728 359 69 874 8 45
52129140: 78 1 7 407 547 5 2 4 5
307677984: 38 946 58 79 2
545930: 1 8 696 5 770
21436: 57 94 4 4 1
1210568: 5 3 9 86 1 1 98 2 8 97 6 8
163672: 311 939 4 1 130 522
816: 3 9 7 9 5 25 84 186 56
413330: 71 9 181 504 50
30771: 42 81 5 12 9
720468: 17 6 92 4 7
45770: 4 41 765 2 3
32957: 4 28 886 71
1762745: 982 227 3 3 27 3 6 5
362023: 9 25 594 5 5 40 87 103
1291399844: 5 6 1 9 39 1 73 9 6 44
228417920: 25 37 71 9 26 794 8 4
40050828: 3 27 763 6 9 9 5 1 9 12
655270872: 9 2 8 159 89 2 9 3 89 95
35298709: 6 41 170 3 2 422 97
558606: 4 6 5 74 6 53 7 7 100 1 5
96911: 5 9 75 6 9 665 2 7 9 2 7 8
9402: 3 453 9 86 920 1 7 88 6
2948456: 69 251 9 68 456
254061: 603 70 2 6 789
27948: 485 575 322 262 17
90873: 58 49 8 27 31 31 725
6444009: 5 6 195 7 6 33 13
144630242: 490 2 39 11 7 4 39 86 1
444869: 4 7 8 878 5 479
1823338: 2 414 9 487 4 6
25234118: 91 683 58 7 1
7014: 1 666 9 933 8 70
1210591: 39 8 40 97 31
61925382: 366 648 1 1 9 837 29
1392623100: 92 3 6 6 8 18 8 815 990
146952: 66 53 92 6 677 43
16148106: 41 31 9 5 4 39
38915712: 66 83 4 3 296 2 1
24871732: 71 178 3 656 148
1016303031: 229 634 7 499 532
8360806312: 1 3 9 850 24 7 857 5 7 5
21935424: 280 60 96 2 4 2 84
797703006: 1 3 1 8 9 4 9 495 3 7 60 6
233319196: 881 27 45 10 4 979
2836062720: 7 88 111 9 6 6 2 4 3 8 3 2
81217110: 827 98 9 501 2
21081: 6 3 41 6 3 1 6 324 8 5 8
861: 7 7 2 44 801
88: 4 4 73 5 2
1570446660: 9 198 6 7 4 39 9 9 1 6 5 1
41612: 26 7 70 18 24 8
198303162: 82 81 8 142 7 3 5 6 6 6
4195337168: 8 3 17 948 5 3 3 3 4 7 68
109985400: 7 6 2 848 1 97 4 7 3 35
10455350486: 758 2 33 965 8 54 86
360062993: 3 4 85 4 8 896 4 966 8 9
75413380: 63 748 9 3 2 2 1 4 21 4
372470: 1 4 15 230 9 3 85
1388: 6 99 32 59 554 149
727612: 4 478 380 6 1 838 228
1143128724150: 92 287 6 8 5 525 859 2
41306: 910 82 19 76 38
1986: 84 65 9 540 74 31
10921388868: 61 74 113 61 66 351
1617983: 38 91 67 459 8
7273: 79 82 764 2 23 6
1681: 8 1 788 379 506
1733837: 3 9 443 61 37
426492: 78 9 57 1 2 315 9 22 1 2
131979: 936 47 3 1 2
1358996: 1 71 567 5 8 66 5 4 960
15881128: 28 544 24 2 6 9 1 4 578
1911: 46 809 68 38 7 938 1 5
81696: 822 2 2 56 48
199643920: 509 6 3 20 67 2 952
24054306505: 67 534 955 59 704 9
36855: 5 9 39 21
70289942: 370 7 91 1 91 4 1 6 6 7 2
6222893: 620 2 260 9 20 3
2717456088: 4 3 53 5 647 9 2 89 59 6
4767272: 88 1 878 9 1 61
15261700: 4 75 137 4 48 8 46 4
7480: 430 408 4 9 249 2 260
55931515717: 7 18 819 9 83 5 5 7 3 1 7
188671: 762 2 6 7 35 21
123188: 2 74 58 598
334667916: 2 9 681 219 204
37897612: 4 8 6 3 9 6 7 8 74 7 31 1
3585801: 78 9 5 2 406 6 8 2 7
225846: 4 93 994 207 9
8798000: 74 494 262 106 2 50 1
987: 9 606 19 349 4
19426789: 66 1 545 4 6 6 9 1 775
455625: 4 5 1 4 89 15 55 2 1 2 5 9
1140143: 705 49 33 132 26
30028: 50 6 22 1 5
11364984: 163 163 58 1 58 6
1337700: 3 66 5 86 9 510 5
2110176: 58 4 2 2 237 1 2 4 431 8
28139: 540 97 44 8 1 33 1 68
54157: 902 200 7 7 159
35995590749608: 891 8 8 8 9 7 6 87 4 5 8 8
9459: 3 3 3 15 9
802075: 751 89 12 6 1
2187785: 937 6 334 708 7 1 3 5
3960: 944 4 89 95
3201184: 531 855 5 14 461
1888: 83 96 9 10 8
4185068: 616 8 122 85 66 8
461760: 94 296 4 74 4
4655: 19 6 19 5 7
13321847987: 6 9 3 84 81 8 7 8 72 7 87
18738947047: 1 4 92 5 6 2 1 19 3 52 2 7
25010: 28 6 5 637 77 90
1088100: 5 98 899 1 14 775
32567: 9 88 2 20 887
1821252960: 7 871 6 430 804
137875: 684 6 46 4 5 35
56572801202: 2 4 15 421 458 36 2
87958367: 6 808 6 62 23 997 36
13422: 497 27 1 3
11257638: 3 784 6 40 6 1 276 119
181924028: 91 7 3 5 25 6 2 9 3 7 44
48196638: 89 7 80 10 43 966
379859368: 219 8 3 9 54 6 4 9 1 6 6 4
14669424: 8 2 1 8 2 7 3 2 378 7 4 42
13632: 15 91 4 2 32
26473: 3 8 2 47 3
6177: 1 8 30 8 7 51 4 52 4 1
1631: 1 6 4 51 3 19 1 1 3 8 403
4332: 5 34 513 4 5 47 7 12 64
22498560: 37 5 31 80 8 27
13943884: 6 28 5 7 5 177 1 38 8 2 2
45088: 20 83 27 191 77
561675243: 4 4 5 7 2 8 2 3 1 629 63 3
46480040: 50 798 3 2 332 5 2 29 2
398668004514: 52 15 43 7 78 98 23 4
6048720: 19 97 426 93 120
5351978974: 94 295 461 193 1
8222557572: 8 33 17 1 501 12 981
323197: 1 619 5 4 73 19 5 2
1243: 3 274 421
111187760: 4 75 482 5 2 292
2043461: 3 64 662 8 4 3 7
1882444276631: 9 64 5 9 90 4 4 276 631
2130224: 91 660 2 4 3 938 26
325749: 7 989 47 368
45497: 3 4 7 5 6 1 5 933 6 6 5 60
38655649296: 2 44 642 97 2 5 8 9 968
4803: 7 5 2 9 79 42 2 2 515
156208548: 5 8 31 97 37 6 4 9 88 3
1055599537: 65 974 971 2 8 1
5025498431: 502 549 843 1 1
83434050: 9 315 5 654 9
9566: 3 44 96 269 2 2
276596: 10 60 26 99 6
735428921940: 90 50 319 956 85
262990: 4 8 3 26 289
79663: 56 9 28 5 3
1076093: 80 160 1 84 28 1 2 779
503308: 53 419 966 35 8
1052110: 923 128 390 720 1
472447488: 21 3 93 4 9 702 618 84
57519732: 390 5 5 5 866 164 5 7
337213: 98 6 539 146 6 1
38484: 27 249 70 3 9 19 3 9 4
140760: 95 4 821 51 3
1834717746: 3 61 4 717 746
1926604832: 75 25 8 256 30 2
84094: 1 7 3 4 1 2 298 4 2 3 8 26
1585371522800: 5 53 3 18 42 87 8 8 850
10736695: 201 8 7 760 935
4989012: 56 30 1 886 832
126070960: 9 3 2 31 4 65 875 8 4 80
15988: 5 2 4 3 884 8 785 1 1 2
33325110: 9 7 338 313 5
93162624: 7 8 5 2 7 9 5 8 6 8 8 912
27489: 1 74 2 389 96 49
1973: 95 398 4 1
21238: 2 5 426 6 5 8 2 54 356 2
365693742: 63 8 9 8 2 1 3 5 1 99 3 6
2825: 66 3 194 3 5 52 196 1
1565071058656: 687 70 411 7 8 8 707 2
21424808448: 617 5 3 3 7 9 9 4 6 976 6
12744: 4 805 784 8
2562: 1 5 505 37
441997: 95 91 563 48 13
21757761: 60 438 2 9 4 5 3 78
142146046: 62 5 5 7 7 7 2 2 3 602
1302: 3 7 62
2920860: 26 4 601 1 162
10662680: 3 1 80 952 8 7 5
1944870: 8 1 15 7 4 1 5 7 1 338 3 6
21107774: 5 97 386 8 536 94
5958425: 7 744 9 5 7 1 56 4 2 4 2 1
1451281979: 1 9 656 88 1 419 5 6 29
7048222: 84 3 452 8 222
97944: 9 8 54 2 7 8 17 8 8 88
184237: 8 6 4 5 4 4 1 1 836 4 53 9
6859352895: 836 2 9 99 4 8 8 8 3 41 5
531090: 7 542 13 9 105
269093732: 1 4 268 9 2 1 722 662
22760: 3 19 171 8 5 6 4 5 86 6 9
11193: 9 3 843 6 13
248540: 9 32 27 22 2 3 2 5 990 5
2381794505735: 8 1 416 235 283 73 5
557721414: 92 640 1 74 1 2 7 64 4 2
193046119: 3 93 355 2 6 59 48 6 1
6596126878: 8 10 9 349 205 63 78
145305: 9 682 5 15 1
172032954: 19 1 8 652 1 2 57 72 54
2836938: 76 1 70 402 3 8 47 6
787578: 93 89 978 85 868 35
208608701: 5 729 26 6 46 2 43 7
4667: 23 95 39 63 2
294810390: 9 8 6 7 9 2 9 8 298 8 26 7
53013993575: 78 3 401 729 167 775
8984: 937 81 99 6 8
21995734134: 32 64 895 4 71 3 78 3
264862905: 87 516 5 118 7 3 5
1908918: 7 81 34 4 99
973680: 32 72 3 39 3 10 8
128304: 81 6 4 66
44232: 7 5 191 2 194
47785: 9 747 36 7 472
301356: 27 1 9 1 80 1 4 99
10086: 8 986 5 9 6
242207: 202 109 11 9
6507402: 3 357 98 62 6
257308250: 82 63 74 982 485 50
4063680: 196 70 2 3 2 2 4 9 415
902880: 316 6 934 6 7 199 3
1121988: 16 73 240 4 708
25139200: 51 6 23 982 320
136552: 57 3 6 9 367 993 93 43
210544: 36 299 9 6 51 4 4 2
307152: 575 57 27 2 9
174196113: 28 7 801 640 1 21 13
488160: 55 6 71 971 7 20
19025410: 5 1 7 734 6 4 5 18 130
2606: 21 79 901 28 18
1008: 8 2 5 2 8
8595258: 58 18 686 4 350 3
3152523: 386 58 71 45 78
46561: 75 3 1 4 3 1 96 905 2 8 7
378892728: 3 78 892 7 28
174848: 74 604 16 80 16
3369813: 26 37 78 967 573
74081532: 681 681 34 57 931
10740: 7 88 30 54 30 2
32487007: 49 390 50 34 7
6167863296: 130 2 3 484 5 6 5 6 666
692005: 80 865 5
404677: 24 8 13 162 325
51026: 160 15 60 7 1 31
4395396697: 7 1 865 1 4 7 7 18 9 3 4
3597445173: 73 8 560 47 11 3
238958: 4 68 4 3 335 1 77 6 1 9 8
1047: 451 3 94 473 26
3366: 8 437 1 676 3
2310950: 9 51 3 1 6 228 272 38
1770832476: 4 3 9 885 1 88 8 9 3 574
49284: 5 240 5 2 288 2 9
78660218288: 65 550 18 5 6 5 7 4 8
138: 2 7 7 69 6
28710: 9 78 3 22 5
16207982550: 193 715 3 2 3 6 675 29
580720115: 82 6 522 952 115
101346: 87 8 7 6 1 6 353 2 8 7 2 7
43782921: 8 935 29 7 7
350811824: 907 58 36 79 46
51161294: 15 297 348 33 59 15 1
56283832271: 556 6 83 832 271
151528089: 8 947 2 7 60 9 357 123
6975525183444: 75 8 2 4 3 694 9 628 23
32164662625: 47 3 68 608 7 539 18 7
1595250: 4 4 2 4 5 57 583 5 5 90
627115008: 4 6 3 70 9 4 6 36 2 8 24 8
262845099: 11 25 59 162 99
27810: 67 826 7 27 30
377712: 6 88 7 9 46 77 3 122
4403487698: 1 123 32 7 6 6 7 7 6 8 9 9
18000: 243 7 1 9 8
1133048448: 9 5 64 7 4 7 4 82 46 7 2 9
401539425944: 7 7 4 9 5 721 6 3 5 3 944
151632037: 6 8 975 8 405 1 18 7 12
2061467: 9 8 4 1 1 5 303 7 458 9
469247481: 184 9 6 83 569 9
804: 48 2 5 79 475
530948520: 233 179 8 37 344
1597575488350: 2 1 921 70 7 532 5 59 2
60636199518: 60 7 373 533 4 9 9 9 18
421157880: 701 92 5 6 42 60
23125500: 5 3 9 300 571
1128838032: 59 74 54 1 57 84
13634: 85 2 79 188 7 9
2594: 9 7 8 131 4
197178930620: 293 41 4 4 410 6 6 5 4 7
1635252: 10 6 81 96 87
38430183166560: 84 2 91 53 810 8 774
260245: 4 962 95 66 7
2134740037: 3 21 91 6 42 29 6 2 7 7
5651246579: 253 124 712 79 11 23
10416: 8 182 608 5 96
2406: 62 94 16 12 342 1
1330567: 873 7 18 84 7
211152912: 47 57 98 86 804
128953684: 295 23 2 17 41 95 19
9013235: 8 3 1 65 2 1 50 9 1 3 35
2857052260: 3 8 444 7 4 9 1 4 12 62 4
17628: 545 5 4 8 22 6
581803349533: 2 8 4 29 66 7 8 39 12 7 7
388382: 8 5 5 23 80 2 9 59 7 2 30
114598776: 3 3 4 6 7 743 6 608 17 8
852: 5 6 2 2 818
7086506: 808 4 1 7 102 9 854 14
1882566840: 77 276 482 68 20 79 7
3192380: 1 95 1 62 542
31652: 3 8 6 14 2 23 1 883 4 8 4
16443: 1 203 71 508 21
1244447: 85 42 51 2 590 9 9 7 1
79891266: 23 777 292 57 6 66
133899684: 1 9 858 51 6 34
158472: 44 7 118 4 93
577827: 655 882 8 99 2 8
26524897: 5 2 2 4 8 2 74 9 4 6 92 5
619029948: 7 332 718 6 98 6 83 6 2
21865593: 2 2 315 48 7 68 18 1 3
99185020: 495 9 251 4 5
107005920: 26 3 8 7 7 2 1 4 91 1 672
2516184: 23 414 9 44 6
127258624821: 2 9 1 3 209 77 6 482 1
7150171: 5 18 6 5 3 5 2 14 1 1 161
2274323159: 4 2 8 7 39 50 7 951 2
38121863061: 679 185 555 29 795 6
708: 7 2 685 1 9
7009005: 48 1 5 8 32 5 9 808 57
70133821172: 273 734 3 35 13 3 172
2334045177: 3 2 6 3 3 8 4 938 5 3 6 57
11318244: 16 714 2 120 3 7 5 8 4 7
1135489: 71 53 978 1 9 239
97872: 9 35 7 36 70 2 1
3565690187: 7 9 5 936 853 91 48 59
27911345: 906 2 4 5 77
20117244: 425 966 7 7 35 7
5226102: 4 4 8 9 12 6 2 5 5 3 21 1
20284677: 22 91 9 75 2 7 2 32 3 63
414: 1 48 266
202496805: 836 193 5 18 251 547
1756291: 1 76 2 7 7 6 4 2 1 2 3 521
58130586: 58 1 2 998 9 47 4 42
92208192556: 243 937 9 1 39 6 7 718
70202: 83 845 67
632631: 79 8 627 1 4
2308446: 8 62 1 5 3 49 670 2 1 31
27714632: 6 63 88 6 7 9 467 50
1168: 53 807 308
1359889181: 8 5 9 57 62 41 5 1 6 97 9
450410: 33 91 5 77 146
225806336: 9 5 20 5 7 2 2 2 2 8 4 56
86493858: 2 158 1 5 90 205 9 2 6 6
60371025: 5 95 4 837 46 591 5 75
3562461: 17 617 609 321 2 1
732323: 435 3 7 133 8 4 9 7 2 6 5
1032885: 679 4 56 7 3 9
945945: 1 13 86 49 195
6692478: 97 621 239 39
1198792: 341 87 14 4 7
83064502: 281 549 1 64 502
7684870400: 68 37 736 166 25
4836753: 89 6 57 11 124 6 1 9
448559: 2 3 897 59
178868: 9 2 75 7 94 922
28968: 18 8 219 1 71
13362405963: 7 95 4 76 227 74 17 98
262350: 795 55 6
389312: 81 6 7 7 632
707357: 4 1 63 30 6 3 50 96 5 7
19717: 1 42 55 1 7
4784: 2 8 9 6 12 41 8 2 6 516 4
523221: 962 4 70 7 1 5 64 6 99 6
6181619: 77 9 892 6 53
437556672: 518 2 36 14 838
2050513997: 50 41 51 399 7
669844: 66 89 86 1 858
163612855: 78 64 75 437 5 50
1153638940155: 282 8 671 5 63 3 9 965
41376667393: 628 94 77 524 83 7 4 8
48762054: 5 11 9 58 9 6 1 7 6 618 9
31668453: 9 951 37 59 94
2668647: 347 93 262 82 940 1
3054130: 3 31 821 4 1 9
118264252: 722 25 819 59 8 180
212285289: 60 5 35 6 64 2 9 9 3 3
454855747068: 827 55 574 625 81 8
101649: 607 164 868 62 31
173274931255: 773 5 476 3 9 56 13 4 3
228477312: 4 977 87 672
1958906346: 6 529 6 811 65 1 1 3 6 1
3982693130574: 66 93 60 19 595 74
113280: 385 8 7 81 8 5 1 1
176418: 9 1 27 121 6
142818114700932: 6 98 46 885 3 6 88 2 2 6
1152: 60 4 3 2 3
926: 1 456 7 2
2560803: 3 77 8 4 803
259920: 5 5 192 6 543 50 4 9 1 4
40430292: 2 139 6 6 416 75 2 21
1976: 24 2 76
10894: 7 996 4 855 5
16018794: 4 86 597 78 90
220925803882: 517 2 7 60 828 5 6 26 7
2781157936: 235 74 9 153 4 23 70 6
499591377: 42 3 19 539 3 9 699 1
1090215: 5 3 57 45 7
15519652344: 23 10 4 24 84 90 9 7 72
275237: 9 23 114 77 2 687 437
214176: 8 335 9 36 138 4
132301: 6 14 1 47 294 7
1155: 552 50 73 430 50
250971: 1 296 55 715 6
5544: 84 3 22
36731: 47 20 71 59 3 62 89
801108: 153 77 68
1846900: 95 2 970 10 2
2041: 5 73 1 2 4 6 8 6 2 9 3 52
17332770: 92 8 8 9 6 1 16 7 14 39
732368: 653 8 3 1 7 9 5 4 90 5 3 4
107000: 377 19 25 799 5 5
609810: 7 2 44 7 9 713 92 5
1351: 2 597 1 78 78 1
32345: 9 908 7 50 5
477603: 55 24 397 4 623 7 27
338846: 33 270 2 5 38
206989: 3 70 5 81 4 7 6
33640: 7 50 6 499 40
487790318: 97 5 3 6 8 615 31 3 9 6 2
1191828: 116 3 177 1 57
1419906212: 3 99 7 6 41 86 1 94 7 7 8
1096940: 11 78 150 1 826 12
26174932: 749 399 5 4 3 5 1 6 1 76
24376672: 4 90 8 4 46 6 1 46 69 7
636: 59 1 91 9 4
787624929631: 984 531 161 8 8 31
521044974: 3 17 973 123 9 474
4540536945: 100 84 858 6 5 44 3 3 7
349510: 3 587 66 1 126 3 451
581225299324: 81 75 1 2 91 876 6 1 24
