Number of valid updates: 100
Sum of middle numbers: 5713
Valid updates:
[74, 68, 64, 75, 78, 18, 41, 67, 15]
[83, 95, 85, 32, 58, 14, 76, 77, 74, 68, 47, 96, 49, 75, 88, 56, 29, 78, 18]
[91, 33, 55, 17, 39, 87, 52, 86, 35, 72, 94, 79, 12, 98, 93, 53, 83, 95, 85]
[12, 57, 93, 23, 53, 83, 95, 85, 58, 14, 99, 68, 64, 49, 75]
[22, 33, 55, 17, 39, 52, 86, 94, 73, 23, 53, 83, 95, 85, 32]
[41, 67, 15, 91, 22, 33, 55, 17, 39, 86, 79, 12, 98, 73, 57, 93, 53]
[79, 53, 85, 58, 74, 68, 49]
[56, 29, 27, 26, 16, 63, 22, 17, 72, 94, 79]
[49, 88, 56, 29, 18, 16, 63, 41, 15, 33, 39, 52, 35]
[33, 55, 17, 39, 87, 35, 72, 94, 79, 12, 98, 73, 57, 93, 83, 95, 85, 32, 13]
[39, 52, 86, 35, 94, 93, 53, 83, 95, 85, 32, 58, 14, 99, 76]
[96, 49, 75, 88, 78, 27, 26, 18, 16, 63, 41, 67, 15, 91, 22, 33, 17, 87, 86]
[53, 83, 14, 99, 47, 96, 49]
[15, 22, 17, 39, 87, 86, 35, 73, 93, 53, 83, 95, 85]
[76, 77, 74, 68, 47, 64, 96, 49, 75, 88, 56, 78, 27, 26, 18, 16, 63, 41, 67, 15, 91, 22, 33]
[99, 76, 77, 74, 68, 96, 49, 75, 88, 56, 78, 27, 26, 18, 16, 63, 41, 67, 15, 91, 22]
[14, 99, 76, 77, 74, 64, 75, 88, 56, 26, 63]
[52, 35, 94, 79, 12, 98, 73, 57, 93, 23, 53, 83, 95, 85, 58, 13, 14, 99, 76, 77, 74]
[64, 56, 29, 18, 63, 41, 67, 91, 22, 55, 52]
[58, 13, 14, 99, 77, 74, 47, 64, 96, 49, 75, 88, 56, 29, 78, 26, 18, 63, 67]
[83, 32, 77, 74, 96, 78, 18]
[56, 29, 78, 18, 63, 41, 67, 15, 91, 22, 55, 17, 39, 87, 52, 35, 72, 94, 79]
[16, 41, 33, 55, 72, 79, 73, 93, 23]
[93, 53, 83, 58, 76, 77, 68, 96, 49, 75, 88, 56, 78]
[35, 72, 79, 12, 98, 73, 93, 23, 83, 95, 85, 58, 14, 99, 76, 77, 74, 68, 47]
[88, 56, 29, 78, 27, 26, 18, 63, 41, 67, 15, 91, 22, 33, 55, 17, 39, 87, 52, 86, 35, 72, 94]
[98, 53, 32, 58, 76]
[88, 56, 78, 27, 26, 18, 16, 41, 67, 15, 91, 33, 17, 39, 87, 52, 86, 72, 94]
[53, 83, 95, 85, 32, 58, 13, 14, 99, 76, 74, 47, 49, 75, 88, 56, 29, 78, 27]
[94, 79, 12, 98, 73, 93, 53, 83, 95, 85, 32, 14, 99, 76, 68, 64, 96]
[22, 55, 17, 39, 87, 52, 35, 72, 94, 79, 12, 98, 73, 57, 93, 23, 95, 85, 58]
[77, 74, 68, 64, 96, 49, 75, 88, 29, 78, 27, 26, 18, 16, 63, 41, 67, 15, 91, 33, 55]
[99, 76, 74, 68, 64, 27, 26, 41, 22]
[56, 78, 27, 26, 18, 16, 63, 41, 67, 15, 91, 33, 55, 87, 52]
[64, 88, 29, 18, 91, 55, 17, 39, 52]
[77, 74, 68, 47, 64, 96, 49, 75, 88, 29, 78, 27, 26, 18, 16, 63, 67, 15, 91, 22, 33]
[74, 68, 47, 64, 49, 75, 88, 56, 29, 78, 27, 26, 18, 16, 63, 41, 91, 22, 33, 55, 17]
[26, 63, 91, 55, 17, 39, 86, 72, 94, 79, 57]
[22, 55, 17, 39, 35, 72, 94, 98, 73, 93, 23, 83, 58]
[73, 57, 23, 53, 83, 58, 13, 14, 76, 47, 75]
[12, 98, 73, 57, 93, 23, 53, 83, 85, 32, 58, 13, 14, 99, 76, 74, 68, 47, 96, 49, 75]
[39, 79, 98, 57, 83, 14, 76]
[53, 76, 77, 68, 49, 88, 56, 27, 26]
[72, 57, 95, 58, 13, 47, 64]
[64, 88, 29, 78, 26, 16, 63, 15, 91, 55, 17, 39, 52]
[83, 95, 85, 58, 13, 14, 99, 76, 77, 74, 68, 47, 64, 96, 49, 56, 78, 27, 18]
[95, 85, 32, 58, 13, 14, 99, 76, 77, 74, 47, 64, 96, 49, 75, 88, 56, 29, 78, 27, 26, 18, 16]
[64, 96, 49, 75, 88, 56, 29, 78, 27, 26, 18, 16, 63, 67, 15, 22, 17, 39, 52]
[73, 57, 93, 23, 53, 83, 95, 85, 32, 58, 13, 14, 99, 76, 77, 74, 47, 64, 96, 49, 75]
[17, 39, 52, 35, 72, 94, 79, 12, 98, 73, 93, 23, 53, 83, 95, 58, 13, 14, 99]
[35, 94, 79, 73, 23, 53, 83, 95, 32, 58, 74]
[55, 17, 39, 87, 52, 86, 35, 94, 12, 98, 57, 93, 23, 53, 95, 32, 58]
[23, 53, 32, 58, 77, 74, 68, 47, 96, 49, 88, 56, 29, 78, 27]
[76, 77, 74, 68, 47, 64, 75, 29, 78, 27, 26, 16, 63, 41, 67, 15, 91, 22, 33]
[27, 26, 63, 15, 17, 52, 35, 94, 12]
[68, 49, 63, 41, 15, 91, 39]
[41, 67, 15, 91, 33, 55, 17, 39, 87, 52, 35, 72, 94, 79, 12, 93, 23, 53, 83]
[88, 56, 29, 78, 26, 16, 63, 41, 67, 15, 91, 33, 17, 39, 87, 52, 35, 72, 94]
[68, 47, 64, 96, 49, 75, 56, 78, 27, 26, 18, 16, 63, 41, 67, 15, 22, 33, 55, 17, 39]
[41, 15, 52, 35, 72, 98, 73, 57, 23, 53, 83]
[17, 86, 35, 79, 73, 57, 53, 95, 32, 58, 13, 14, 99]
[35, 79, 83, 13, 76, 68, 47]
[23, 53, 95, 85, 58, 13, 14, 99, 77, 68, 96, 75, 88, 56, 29, 78, 27]
[77, 74, 68, 26, 18, 67, 91]
[41, 67, 15, 91, 17, 87, 52, 72, 94, 79, 98, 73, 57, 93, 23, 53, 83]
[56, 29, 78, 67, 55, 87, 35, 94, 79]
[63, 41, 67, 15, 55, 72, 94, 79, 12, 98, 73, 57, 93, 23, 53]
[53, 83, 95, 85, 32, 58, 13, 14, 99, 76, 77, 68, 47, 64, 96, 49, 75, 88, 56, 29, 78, 27, 26]
[99, 76, 68, 47, 64, 96, 49, 75, 88, 29, 78, 16, 67]
[63, 41, 67, 15, 91, 33, 55, 17, 39, 86, 35, 72, 94, 79, 12, 98, 73, 57, 93, 23, 53]
[52, 86, 35, 72, 98, 73, 57, 83, 32, 58, 14, 77, 74]
[18, 16, 63, 41, 67, 15, 91, 22, 33, 55, 39, 86, 72, 94, 12, 98, 73, 57, 93]
[39, 52, 94, 73, 93]
[93, 53, 83, 85, 32, 58, 14, 68, 49, 88, 56, 29, 78]
[98, 73, 57, 93, 23, 53, 83, 95, 85, 58, 14, 99, 77, 64, 96, 75, 88]
[52, 86, 72, 12, 98, 23, 32, 58, 13, 14, 76]
[79, 98, 57, 53, 58, 74, 47, 96, 49]
[13, 14, 99, 76, 77, 74, 68, 47, 64, 96, 49, 88, 56, 29, 78, 27, 26, 18, 16, 63, 41, 67, 15]
[29, 78, 27, 26, 18, 16, 63, 41, 67, 15, 91, 22, 33, 55, 39, 87, 52, 86, 35, 72, 94, 79, 12]
[52, 86, 35, 94, 79, 12, 73, 57, 93, 23, 53, 95, 85, 32, 13, 14, 99, 76, 74]
[86, 35, 72, 94, 79, 12, 98, 73, 57, 23, 53, 83, 95, 85, 32, 58, 13, 14, 99, 76, 77, 74, 68]
[56, 78, 26, 18, 63, 15, 35, 94, 79]
[93, 23, 83, 95, 85, 58, 14, 99, 76, 77, 74, 47, 75, 88, 56, 29, 78]
[75, 88, 78, 26, 67, 91, 17, 87, 52]
[12, 73, 57, 93, 23, 83, 85, 32, 58, 13, 14, 99, 76, 77, 74, 47, 96, 49, 75]
[35, 72, 79, 12, 73, 57, 83, 58, 14, 99, 74, 68, 47]
[68, 47, 64, 96, 49, 75, 56, 29, 78, 27, 26, 63, 41, 67, 15, 91, 22, 33, 55, 17, 39]
[63, 41, 67, 15, 91, 55, 17, 39, 86, 72, 94, 79, 98, 57, 23]
[57, 93, 23, 53, 83, 95, 85, 32, 58, 14, 99, 76, 77, 74, 68, 47, 64, 96, 49, 75, 88, 56, 29]
[49, 75, 88, 56, 29, 27, 26, 18, 16, 41, 67, 15, 91, 22, 33, 55, 17, 39, 87, 52, 35]
[91, 55, 17, 52, 35, 72, 12, 98, 73, 57, 93, 23, 53, 83, 32]
[35, 72, 79, 12, 98, 57, 93, 23, 83, 85, 32, 58, 13, 14, 99, 76, 77, 68, 47]
[17, 87, 86, 35, 72, 12, 98, 73, 57, 23, 53, 83, 95, 85, 32, 58, 13, 14, 99]
[58, 13, 14, 99, 76, 77, 74, 68, 47, 64, 96, 49, 75, 88, 56, 29, 78, 27, 18, 16, 63, 41, 67]
[74, 68, 47, 96, 49, 75, 88, 56, 29, 18, 16, 63, 41, 55, 17]
[55, 17, 39, 87, 52, 35, 72, 94, 79, 12, 98, 73, 57, 93, 23, 53, 83, 95, 85, 13, 14]
[39, 52, 35, 72, 94, 79, 73, 23, 53, 83, 95, 32, 13, 14, 76]
[91, 55, 17, 52, 86, 72, 12, 73, 53, 83, 32]
[99, 76, 77, 74, 68, 64, 96, 49, 88, 56, 29, 78, 26, 18, 63, 41, 67, 15, 91]
[13, 14, 76, 77, 74, 64, 29, 27, 26, 41, 15]
